0 : 9875.2390000 | 1909.243
1 : 10125.2500000 | 2918.685
2 : 10000.2400000 | 4328.682
3 : 10000.2400000 | 6300.76
4 : 10125.2500000 | 6633.684
5 : 10125.2500000 | 3899.2
6 : 10125.2500000 | 6507.198
7 : 9875.2390000 | 6419.072
8 : 10000.2400000 | 5400.625
9 : 10125.2500000 | 6942.987
10 : 9875.2390000 | 7290.148
11 : 10250.2500000 | 6233.134
12 : 10125.2500000 | 6633.44
13 : 9875.2390000 | 6339.623
14 : 10000.2400000 | 6726.056
15 : 10125.2500000 | 6175.732
16 : 10125.2500000 | 7070.747
17 : 10000.2400000 | 8983.223
18 : 10375.2500000 | 6859.038
19 : 10125.2500000 | 6959.354
20 : 10000.2400000 | 8287.861
21 : 10000.2400000 | 6949.335
22 : 9875.2390000 | 5735.189
23 : 10125.2500000 | 8400.233
24 : 9875.2390000 | 5419.235
25 : 10000.2400000 | 5853.432
26 : 9875.2390000 | 6075.991
27 : 9875.2390000 | 5811.804
28 : 10375.2500000 | 7473.702
29 : 9875.2390000 | 7557.905
30 : 10125.2500000 | 6299.439
31 : 10250.2500000 | 6602.045
32 : 9875.2390000 | 5689.523
33 : 10125.2500000 | 6849.014
34 : 10250.2500000 | 8022.299
35 : 10125.2500000 | 5525.419
36 : 10125.2500000 | 6024.765
37 : 9875.2390000 | 4901.325
38 : 9875.2390000 | 5951.07
39 : 10125.2500000 | 5428.936
40 : 10250.2500000 | 6592.298
41 : 9875.2390000 | 4389.738
42 : 10000.2400000 | 4740.661
43 : 10125.2500000 | 4598.239
44 : 10000.2400000 | 6101.446
45 : 10000.2400000 | 4813.831
46 : 10125.2500000 | 5855.046
47 : 9750.2360000 | 5195.198
48 : 10125.2500000 | 4218.086
49 : 10000.2400000 | 2746.927
50 : 10000.2400000 | 4405.023
51 : 9750.2360000 | 3924.835
52 : 10250.2500000 | 5087.975
53 : 10125.2500000 | 5504.12
54 : 10000.2400000 | 5453.12
55 : 10000.2400000 | 4848.372
56 : 9875.2390000 | 4222.175
57 : 9875.2390000 | 4798.333
58 : 9875.2390000 | 1809.448
59 : 9625.2330000 | 2916.748
60 : 10000.2400000 | 4717.189
61 : 10250.2500000 | 5445.229
62 : 9875.2390000 | 5115.435
63 : 9875.2390000 | 4308.544
64 : 10125.2500000 | 4915.951
65 : 9875.2390000 | 3518.45
66 : 10125.2500000 | 4474.51
67 : 9500.2300000 | 2827.156
68 : 9875.2390000 | 3077.613
69 : 9500.2300000 | 4467.101
70 : 10000.2400000 | 4189.677
71 : 9875.2390000 | 4150.445
72 : 9625.2330000 | 4166.24
73 : 9875.2390000 | 4476.741
74 : 10125.2500000 | 3703.756
75 : 10321.3000000 | 6137.87
76 : 9875.2390000 | 5995.037
77 : 10000.2400000 | 4390.127
78 : 9750.2360000 | 3667.239
79 : 9625.2330000 | 3196.497
80 : 9625.2330000 | 3599.902
81 : 10125.2500000 | 3911.833
82 : 9500.2300000 | 4458.053
83 : 9625.2330000 | 5632.458
84 : 10125.2500000 | 3320.01
85 : 9750.2360000 | 3129.192
86 : 9625.2330000 | 4327.083
87 : 10125.2500000 | 2805.87
88 : 9625.2330000 | 2401.722
89 : 10000.2400000 | 3488.75
90 : 10000.2400000 | 4104.621
91 : 9750.2360000 | 3231.217
92 : 9875.2390000 | 4247.147
93 : 10000.2400000 | 2185.163
94 : 10000.2400000 | 3703.983
95 : 9750.2360000 | 1433.521
96 : 10000.2400000 | 3501.077
97 : 10125.2500000 | 2257.257
98 : 9625.2330000 | 2910.879
99 : 10125.2500000 | 4303.413
100 : 9250.2250000 | 1286.966
101 : 10000.2400000 | 4217.095
102 : 10000.2400000 | 4577.391
103 : 10000.2400000 | 2555.814
104 : 9750.2360000 | 997.0012
105 : 9375.2280000 | 1648.756
106 : 10000.2400000 | 2433.938
107 : 9625.2330000 | 1694.88
108 : 9250.2250000 | 1604.161
109 : 9625.2330000 | 2532.941
110 : 9000.2180000 | 1368.695
111 : 9750.2360000 | 2251.747
112 : 9500.2300000 | 1552.79
113 : 9250.2250000 | 1407.116
114 : 10125.2500000 | 776.7805
115 : 9625.2330000 | 1189.047
116 : 10000.2400000 | 854.3317
117 : 9750.2360000 | 2205.64
118 : 9750.2360000 | 1724.726
119 : 9750.2360000 | 1354.036
120 : 10024.7300000 | 1211.66
121 : 10000.2400000 | 1365.824
122 : 10000.2400000 | 1742.607
123 : 9250.2250000 | 1483.845
124 : 9625.2330000 | 1772.234
125 : 10000.2400000 | 1593.811
126 : 9500.2300000 | 1317.173
127 : 9875.2390000 | 1486.926
128 : 9500.2300000 | 872.8794
129 : 9625.2330000 | 1634.521
130 : 10000.2400000 | 1507.706
131 : 10000.2400000 | 694.1237
132 : 9875.2390000 | 1258.93
133 : 5091.0350000 | 493.3759
134 : 9875.2390000 | 1236.022
135 : 8875.2150000 | 1601.248
136 : 3945.8470000 | 426.8884
137 : 3772.5910000 | 1042.113
138 : 10259.0400000 | 2222.45
139 : 9625.2330000 | 1521.834
140 : 10000.2400000 | 863.2698
141 : 9875.2390000 | 1852.288
142 : 10000.2400000 | 1799.454
143 : 9250.2250000 | 1101.905
144 : 9625.2330000 | 1575.43
145 : 9875.2390000 | 2100.171
146 : 9750.2360000 | 2479.538
147 : 9875.2390000 | 1723.174
148 : 9875.2390000 | 984.9213
149 : 9625.2330000 | 1238.573
150 : 9000.2180000 | 1959.23
151 : 9750.2360000 | 3201.58
152 : 10000.2400000 | 3123.595
153 : 10557.2500000 | 2279.043
0 : 10000.2400000 | 987.1934
1 : 9875.2390000 | 2534.895
0 : 10250.2500000 | 935.267
1 : 9875.2390000 | 1916.15
2 : 10250.2500000 | 2915.284
3 : 10125.2500000 | 4992.277
4 : 10000.2400000 | 5359.954
5 : 10125.2500000 | 6328.793
6 : 10125.2500000 | 5795.666
7 : 10125.2500000 | 7690.693
8 : 9750.2360000 | 5529.275
9 : 9875.2390000 | 6688.921
10 : 10125.2500000 | 6269.62
11 : 10000.2400000 | 6336.575
12 : 10250.2500000 | 4844.238
13 : 10000.2400000 | 5878.883
14 : 10125.2500000 | 4954.08
15 : 10250.2500000 | 4461.396
16 : 10125.2500000 | 6679.182
17 : 10375.2500000 | 6150.519
18 : 10125.2500000 | 6190.489
19 : 10125.2500000 | 5698.737
20 : 10000.2400000 | 5195.971
21 : 9875.2390000 | 5294.701
22 : 9750.2360000 | 5272.319
23 : 9875.2390000 | 5152.621
24 : 9875.2390000 | 3818.798
25 : 10125.2500000 | 2372.519
0 : 703.5536000 | 112.6274
1 : 13078.7800000 | 2172.759
2 : 10753.9800000 | 4038.991
3 : 16056.4300000 | 4388.538
4 : 15083.6300000 | 5335.836
5 : 16237.6800000 | 4443.964
6 : 10319.4300000 | 6021.021
7 : 16299.2400000 | 7046.959
8 : 13437.0400000 | 5561.967
9 : 16107.6200000 | 5533.205
10 : 9485.0110000 | 2832.779
11 : 17525.8100000 | 4578.741
12 : 10481.8200000 | 6353.704
13 : 10439.8500000 | 3792.787
14 : 9500.2300000 | 7113.834
15 : 9428.0990000 | 5030.252
16 : 14605.8700000 | 6418.333
17 : 9500.2300000 | 5206.13
18 : 9541.2720000 | 3432.424
19 : 9947.6640000 | 4888.308
20 : 9500.2300000 | 5091.699
21 : 10115.4400000 | 3554.911
22 : 10673.3700000 | 6183.431
23 : 9500.2300000 | 7124.298
24 : 9500.2300000 | 5440.023
25 : 11467.6400000 | 3777.023
26 : 16963.6300000 | 6912.751
27 : 10523.0100000 | 6540.634
28 : 13677.1800000 | 5721.733
29 : 9867.3510000 | 4796.626
30 : 10079.8000000 | 5910.278
31 : 10377.3000000 | 4724.832
32 : 10589.5200000 | 5143.937
33 : 9600.5650000 | 5718.811
34 : 9625.4360000 | 3641.972
35 : 12401.4100000 | 4443.61
36 : 16814.4100000 | 5001.09
37 : 9589.8130000 | 6270.964
38 : 9483.5390000 | 4567.052
39 : 9678.4860000 | 3270.151
40 : 17195.1000000 | 6553.485
41 : 9375.2280000 | 3614.195
42 : 9281.3290000 | 5552.886
43 : 13409.8600000 | 5201.96
44 : 9603.6770000 | 4786.6
45 : 9625.2330000 | 4142.585
46 : 10776.8900000 | 5247.398
47 : 9575.9510000 | 4493.169
48 : 14716.4400000 | 5640.223
49 : 10257.8400000 | 3157.064
50 : 9375.2280000 | 3569.995
51 : 10099.6900000 | 4256.289
52 : 9587.9890000 | 3640.339
53 : 9551.7680000 | 4263.028
54 : 9189.2090000 | 4910.488
55 : 9469.8350000 | 5158.98
56 : 9581.7710000 | 3917.418
57 : 9375.2280000 | 3533.359
58 : 15272.1200000 | 4201.231
59 : 9685.3080000 | 3611.408
60 : 13254.7500000 | 3580.4
61 : 9384.7180000 | 3083.418
62 : 9250.2250000 | 4467.849
63 : 11602.2400000 | 3816.657
64 : 9625.2330000 | 3089.295
65 : 9700.3130000 | 4522.402
66 : 12800.3200000 | 4975.125
67 : 9884.4390000 | 2577.283
68 : 9599.0510000 | 2794.712
69 : 14998.3600000 | 4103.411
70 : 12830.8800000 | 4345.492
71 : 9251.5360000 | 3344.258
72 : 10350.6800000 | 2408.035
73 : 12038.6300000 | 3985.599
74 : 9465.2760000 | 2037.325
75 : 12954.7000000 | 3441.637
76 : 14968.4000000 | 2922.478
77 : 9382.7270000 | 2014.369
78 : 14462.1600000 | 4844.471
79 : 9469.8350000 | 3567.65
80 : 10276.9800000 | 5181.748
81 : 9500.2300000 | 2734.875
82 : 12251.5000000 | 3563.228
83 : 9625.2330000 | 4453.819
84 : 12997.6000000 | 3385.518
85 : 9427.6900000 | 3263.435
86 : 9687.8350000 | 3213.592
87 : 9265.0220000 | 2669.15
88 : 15163.8800000 | 3526.231
89 : 9256.1440000 | 2196.342
90 : 9375.2280000 | 2876.939
91 : 9115.2910000 | 2997.009
92 : 10701.3700000 | 5033.247
93 : 9375.2280000 | 3127.585
94 : 9103.3160000 | 1428.6
95 : 11648.2000000 | 4476.805
96 : 9500.2300000 | 3890.656
97 : 9367.7280000 | 2179.58
98 : 9500.2300000 | 2773.211
99 : 13355.6200000 | 3426.384
100 : 9281.2330000 | 2457.03
101 : 9375.2280000 | 1898.307
102 : 9492.6300000 | 2278.81
103 : 9736.1930000 | 3143.092
104 : 9453.1070000 | 2698.844
105 : 9371.1610000 | 1938.548
106 : 9414.2390000 | 2094.801
107 : 9695.1440000 | 3215.411
108 : 8753.0100000 | 2057.817
0 : 3.9625110 | 0.5943766
1 : 3.9625110 | 0.5943766
2 : 8.7750090 | 1.712502
0 : 10250.2500000 | 980.1665
1 : 10000.2400000 | 1956.8
2 : 9875.2390000 | 2420.348
3 : 9625.2330000 | 2012.922
4 : 9625.2330000 | 3361.946
5 : 10000.2400000 | 2154.25
6 : 10375.2500000 | 2125.349
7 : 10125.2500000 | 1687.31
8 : 9875.2390000 | 4143.485
9 : 9875.2390000 | 2901.58
10 : 10125.2500000 | 2920.247
11 : 9250.2250000 | 1902.014
12 : 10000.2400000 | 2496.404
13 : 9875.2390000 | 1465.271
14 : 9875.2390000 | 3089.459
15 : 9875.2390000 | 3254.211
16 : 9750.2360000 | 2959.066
17 : 9500.2300000 | 5093.42
18 : 10250.2500000 | 3568.166
19 : 10000.2400000 | 3879.185
20 : 9625.2330000 | 3451.076
21 : 9750.2360000 | 4971.968
22 : 9250.2250000 | 2066.349
23 : 10125.2500000 | 4748.831
24 : 9625.2330000 | 3365.976
25 : 10000.2400000 | 1595.079
26 : 9875.2390000 | 3896.094
27 : 9750.2360000 | 3317.066
28 : 10125.2500000 | 4392.637
29 : 10000.2400000 | 3481.199
30 : 9125.2210000 | 2315.505
31 : 9875.2390000 | 3276.714
32 : 10125.2500000 | 3893.253
33 : 10125.2500000 | 4404.786
34 : 9750.2360000 | 4543.712
35 : 10250.2500000 | 4416.318
36 : 10000.2400000 | 4892.997
37 : 10125.2500000 | 4852.421
38 : 9750.2360000 | 4296.999
39 : 10250.2500000 | 6621.302
40 : 10000.2400000 | 5790.408
41 : 10250.2500000 | 4742.245
42 : 10000.2400000 | 4345.191
43 : 9875.2390000 | 7130.217
44 : 9875.2390000 | 5216.153
45 : 10250.2500000 | 5164.521
46 : 10125.2500000 | 4384.223
47 : 10000.2400000 | 4789.365
48 : 9750.2360000 | 6638.69
49 : 10000.2400000 | 4300.727
50 : 10000.2400000 | 5331.868
51 : 9750.2360000 | 4748.661
52 : 10000.2400000 | 4355.536
53 : 10000.2400000 | 5839.567
54 : 10000.2400000 | 4388.53
55 : 9750.2360000 | 5059.248
56 : 10125.2500000 | 4284.527
57 : 10000.2400000 | 5805.862
58 : 9750.2360000 | 5702.009
59 : 9750.2360000 | 3890.175
60 : 9875.2390000 | 4314.768
61 : 10250.2500000 | 5180.932
62 : 10250.2500000 | 3878.171
63 : 10000.2400000 | 4896.25
64 : 10250.2500000 | 6614.894
65 : 9875.2390000 | 4743.274
66 : 9875.2390000 | 2521.176
67 : 9875.2390000 | 2766.321
68 : 10250.2500000 | 3485.781
69 : 9625.2330000 | 4746.774
70 : 9500.2300000 | 4266.484
71 : 9875.2390000 | 4847.044
72 : 9750.2360000 | 3427.721
73 : 9875.2390000 | 6014.336
74 : 10250.2500000 | 4256.485
75 : 10125.2500000 | 4413.39
76 : 9875.2390000 | 5395.828
77 : 10000.2400000 | 2965.981
78 : 10125.2500000 | 4413.276
79 : 10125.2500000 | 4738.768
80 : 10000.2400000 | 3565.969
81 : 9875.2390000 | 3054.843
82 : 9625.2330000 | 2439.35
83 : 9750.2360000 | 4694.403
84 : 10000.2400000 | 2518.419
85 : 9750.2360000 | 4348.924
86 : 10125.2500000 | 4785.165
87 : 10125.2500000 | 7197.127
88 : 10125.2500000 | 3034.326
89 : 10125.2500000 | 4938.554
90 : 10000.2400000 | 3871.8
91 : 9750.2360000 | 4726.295
92 : 9875.2390000 | 5705.019
93 : 10125.2500000 | 3421.358
94 : 10000.2400000 | 3101.365
95 : 9875.2390000 | 5151.093
96 : 9750.2360000 | 6019.222
97 : 10125.2500000 | 3299.635
98 : 9875.2390000 | 2953.684
99 : 10000.2400000 | 3602.218
100 : 10125.2500000 | 4744.134
101 : 10250.2500000 | 4851.738
102 : 10250.2500000 | 4932.015
103 : 10000.2400000 | 5603.91
104 : 9875.2390000 | 5194.522
105 : 10125.2500000 | 3593.766
106 : 10000.2400000 | 3938.029
107 : 9750.2360000 | 4309.89
108 : 10250.2500000 | 3932.389
109 : 9875.2390000 | 2526.653
110 : 9875.2390000 | 5288.2
111 : 10125.2500000 | 4677.602
112 : 10125.2500000 | 3849.308
113 : 9875.2390000 | 3490.933
114 : 10125.2500000 | 6178.735
115 : 9750.2360000 | 5235.757
116 : 10000.2400000 | 7094.24
117 : 9875.2390000 | 4758.412
118 : 9875.2390000 | 4207.128
119 : 9875.2390000 | 3118.032
120 : 10000.2400000 | 4619.199
121 : 10125.2500000 | 5778.261
122 : 9750.2360000 | 6019.368
123 : 10000.2400000 | 5172.446
124 : 10125.2500000 | 5154.37
125 : 9875.2390000 | 3371.478
126 : 10125.2500000 | 4861.808
127 : 10000.2400000 | 5674.6
128 : 10000.2400000 | 4841.371
129 : 10125.2500000 | 4319.001
130 : 9875.2390000 | 3172.978
131 : 10000.2400000 | 5327.018
132 : 10125.2500000 | 5702.385
133 : 9875.2390000 | 6168.542
134 : 10000.2400000 | 2028.218
135 : 10125.2500000 | 6199.942
136 : 9625.2330000 | 3844.581
137 : 9875.2390000 | 7837.77
138 : 10000.2400000 | 3948.49
139 : 10000.2400000 | 4721.658
140 : 10125.2500000 | 3558.892
141 : 10125.2500000 | 5346.038
142 : 10000.2400000 | 3393.882
143 : 10250.2500000 | 5662.468
144 : 9750.2360000 | 4760.681
145 : 9875.2390000 | 4354.795
146 : 10000.2400000 | 2425.553
147 : 10250.2500000 | 8597.191
148 : 9875.2390000 | 5243.886
149 : 10125.2500000 | 5272.964
150 : 10125.2500000 | 5320.509
151 : 10000.2400000 | 3499.884
152 : 10125.2500000 | 4797.708
153 : 10125.2500000 | 4779.229
154 : 9750.2360000 | 5120.792
155 : 9750.2360000 | 2466.96
156 : 9750.2360000 | 4695.064
157 : 9875.2390000 | 4211.991
158 : 9625.2330000 | 4769.969
159 : 10000.2400000 | 6062.502
160 : 10000.2400000 | 4719.665
161 : 9875.2390000 | 4787.882
162 : 10000.2400000 | 5215.531
163 : 10125.2500000 | 4824.384
164 : 9750.2360000 | 6511.136
165 : 10000.2400000 | 3025.158
166 : 9750.2360000 | 2665.293
167 : 10125.2500000 | 5821.97
168 : 9750.2360000 | 4481.468
169 : 10250.2500000 | 3436.07
170 : 10000.2400000 | 5695.404
171 : 9875.2390000 | 3374.537
172 : 10250.2500000 | 5057.574
173 : 9875.2390000 | 6087.491
174 : 10000.2400000 | 4016.445
175 : 9875.2390000 | 5274.848
176 : 10125.2500000 | 4274.087
177 : 9625.2330000 | 4190.104
178 : 10125.2500000 | 5726.712
179 : 9875.2390000 | 4188.589
180 : 9750.2360000 | 3879.393
181 : 10000.2400000 | 3745.009
182 : 9750.2360000 | 3912.032
183 : 10000.2400000 | 5343.493
184 : 9875.2390000 | 4974.026
185 : 10125.2500000 | 5863.243
186 : 10000.2400000 | 3733.678
187 : 10000.2400000 | 3034.007
188 : 9750.2360000 | 1648.746
189 : 10000.2400000 | 3205.623
190 : 9750.2360000 | 3914.285
191 : 10000.2400000 | 3542.02
192 : 9625.2330000 | 4700.8
193 : 10000.2400000 | 5811.849
194 : 10125.2500000 | 6668.306
195 : 9875.2390000 | 3088.089
196 : 10000.2400000 | 4907.253
197 : 9875.2390000 | 5614.122
198 : 10000.2400000 | 5738.076
199 : 10000.2400000 | 4240.756
200 : 10000.2400000 | 4707.662
201 : 10000.2400000 | 4311.723
202 : 10125.2500000 | 5801.009
203 : 10250.2500000 | 4161.249
204 : 9875.2390000 | 3010.532
205 : 10000.2400000 | 4801.198
206 : 10000.2400000 | 4390.306
207 : 9875.2390000 | 4501.811
208 : 10125.2500000 | 3144.142
209 : 10000.2400000 | 3341.176
210 : 9625.2330000 | 3793.706
211 : 9750.2360000 | 4787.85
212 : 9875.2390000 | 3913.732
213 : 10125.2500000 | 5366.333
214 : 9750.2360000 | 5082.861
215 : 9875.2390000 | 4690.507
216 : 9875.2390000 | 4769.535
217 : 9875.2390000 | 3834.911
218 : 10125.2500000 | 4909.741
219 : 10125.2500000 | 3824.983
220 : 10000.2400000 | 5550.839
221 : 10000.2400000 | 7044.877
222 : 9500.2300000 | 4568.073
223 : 9875.2390000 | 4181.853
224 : 9875.2390000 | 3388.73
225 : 9875.2390000 | 6507.999
226 : 10125.2500000 | 5834.852
227 : 10250.2500000 | 6255.025
228 : 10125.2500000 | 5258.563
229 : 10125.2500000 | 3872.299
230 : 10125.2500000 | 4080.01
231 : 10000.2400000 | 4253.492
232 : 10000.2400000 | 3945.244
233 : 10000.2400000 | 2947.013
234 : 10000.2400000 | 4656.892
235 : 10000.2400000 | 5807.55
236 : 9875.2390000 | 3700.789
237 : 9875.2390000 | 5280.732
238 : 10125.2500000 | 4810.509
239 : 9750.2360000 | 4307.172
240 : 10000.2400000 | 6750.599
241 : 10000.2400000 | 4760.737
242 : 9875.2390000 | 4870.183
243 : 10125.2500000 | 3423.362
244 : 10125.2500000 | 4940.659
245 : 10000.2400000 | 4356.481
246 : 9875.2390000 | 4427.082
0 : 9375.2280000 | 495.3369
1 : 8500.2060000 | 504.4524
2 : 9875.2390000 | 2497.963
3 : 9500.2300000 | 2272.389
0 : 60.3501500 | 13.59877
1 : 758.4547000 | 79.07317
2 : 1766.7500000 | 157.244
3 : 861.8701000 | 85.82397
4 : 1538.8940000 | 106.6853
5 : 9000.2180000 | 533.8035
6 : 10250.2500000 | 2078.851
7 : 9625.2330000 | 525.2977
8 : 9875.2390000 | 1546.24
9 : 9125.2210000 | 568.8182
0 : 65.6996400 | 13.40812
1 : 10125.2500000 | 984.0005
2 : 9750.2360000 | 507.6093
3 : 10125.2500000 | 1534.78
4 : 9625.2330000 | 2416.856
5 : 9625.2330000 | 1189.259
6 : 9750.2360000 | 2388.837
7 : 9250.2250000 | 1115.599
8 : 9375.2280000 | 660.1226
9 : 10125.2500000 | 1572.516
10 : 10125.2500000 | 1428.012
11 : 9875.2390000 | 2432.207
12 : 10375.2500000 | 2527.647
13 : 9750.2360000 | 2973.04
14 : 10000.2400000 | 3516.927
15 : 9750.2360000 | 2982.77
16 : 9375.2280000 | 835.6442
17 : 9625.2330000 | 2995.258
18 : 9750.2360000 | 3406.355
19 : 10125.2500000 | 1593.994
20 : 9750.2360000 | 1918.989
21 : 9250.2250000 | 1520.334
0 : 73.3501700 | 11.06189
1 : 8625.2090000 | 570.9742
2 : 2432.0800000 | 293.1715
3 : 1907.1340000 | 190.7147
4 : 9625.2330000 | 2437.64
5 : 10125.2500000 | 1784.594
6 : 10000.2400000 | 3041.891
7 : 9875.2390000 | 3027.123
0 : 9750.2360000 | 1466.099
1 : 10250.2500000 | 2489.732
2 : 10125.2500000 | 5322.633
3 : 10125.2500000 | 4881.79
4 : 10000.2400000 | 3872.997
5 : 10000.2400000 | 5806.386
6 : 10125.2500000 | 3430.137
7 : 9625.2330000 | 3456.284
8 : 10000.2400000 | 5849.676
9 : 10125.2500000 | 4843.654
10 : 10250.2500000 | 3510.293
11 : 10125.2500000 | 4776.698
12 : 10000.2400000 | 3471.071
13 : 10000.2400000 | 5721.175
14 : 10125.2500000 | 4916.772
15 : 10000.2400000 | 6346.616
16 : 10000.2400000 | 7158.823
17 : 10000.2400000 | 5466.27
18 : 10000.2400000 | 6714.376
19 : 10000.2400000 | 7035.843
20 : 9875.2390000 | 8044.956
21 : 9750.2360000 | 5685.173
22 : 10000.2400000 | 4507.703
23 : 10125.2500000 | 7246.487
24 : 10125.2500000 | 5336.886
25 : 10125.2500000 | 6274.397
0 : 10000.2400000 | 991.3047
1 : 10000.2400000 | 2021.815
2 : 10000.2400000 | 2845.461
0 : 9875.2390000 | 2844.994
1 : 10125.2500000 | 4784.515
2 : 10125.2500000 | 4876.556
3 : 10000.2400000 | 4439.134
4 : 10000.2400000 | 3431.538
5 : 9875.2390000 | 5237.122
6 : 10125.2500000 | 2969.854
7 : 10000.2400000 | 4631.247
8 : 10000.2400000 | 3970.745
9 : 10000.2400000 | 7265.077
10 : 10125.2500000 | 4746.234
0 : 9000.2180000 | 454.5997
1 : 9875.2390000 | 2068.273
2 : 10125.2500000 | 2607.614
0 : 9625.2330000 | 991.1313
0 : 9750.2360000 | 1098.65
1 : 10000.2400000 | 1522.028
2 : 9625.2330000 | 1869.124
3 : 10000.2400000 | 4688.41
4 : 10000.2400000 | 4353.205
5 : 9750.2360000 | 4951.669
6 : 10000.2400000 | 5333.007
7 : 10000.2400000 | 4869.851
8 : 10125.2500000 | 4399.525
9 : 10125.2500000 | 5233.386
10 : 10000.2400000 | 6369.429
11 : 10000.2400000 | 3444.392
12 : 9750.2360000 | 4371.456
13 : 10000.2400000 | 5438.489
14 : 10250.2500000 | 4888.544
15 : 10125.2500000 | 5880.667
